0 0.559722 0.305208 0.108333 0.041667
0 0.782639 0.295312 0.112500 0.051042
0 0.898611 0.269271 0.108333 0.036458
0 0.918056 0.293750 0.147222 0.047917
0 0.420139 0.313021 0.156944 0.026042
0 0.279861 0.331771 0.140278 0.011458
0 0.044444 0.325000 0.069444 0.043750
0 0.245139 0.314583 0.237500 0.054167
0 0.906250 0.606250 0.151389 0.043750
0 0.815278 0.477604 0.111111 0.040625
0 0.866667 0.497917 0.075000 0.025000
0 0.340972 0.466667 0.079167 0.029167
0 0.256944 0.499479 0.088889 0.034375
0 0.125694 0.465625 0.073611 0.018750
0 0.395139 0.496354 0.145833 0.044792
