0 0.342361 0.306771 0.112500 0.061458
0 0.368056 0.353646 0.058333 0.030208
0 0.474306 0.378646 0.068056 0.051042
0 0.839583 0.442708 0.045833 0.102083
0 0.841667 0.512500 0.033333 0.037500
0 0.032639 0.225000 0.043056 0.139583
0 0.047917 0.943229 0.095833 0.113542
0 0.354861 0.632812 0.106944 0.130208
0 0.362500 0.560937 0.083333 0.046875
0 0.477083 0.425521 0.062500 0.036458
0 0.477778 0.473958 0.063889 0.014583
0 0.477083 0.501563 0.048611 0.028125
0 0.475694 0.527604 0.059722 0.038542
0 0.535417 0.453646 0.031944 0.051042
0 0.511806 0.444271 0.012500 0.055208
0 0.511111 0.360417 0.011111 0.070833
0 0.534722 0.518750 0.038889 0.050000
0 0.360417 0.395313 0.090278 0.053125
0 0.629167 0.384375 0.027778 0.020833
0 0.597917 0.434375 0.012500 0.031250
0 0.881944 0.486979 0.022222 0.065625
