0 0.560417 0.192708 0.062500 0.031250
0 0.327778 0.193750 0.397222 0.041667
0 0.722222 0.258854 0.069444 0.040625
0 0.746528 0.295312 0.120833 0.040625
0 0.738194 0.371875 0.109722 0.089583
0 0.763194 0.322396 0.090278 0.026042
0 0.905556 0.230208 0.188889 0.037500
0 0.859028 0.269792 0.095833 0.039583
0 0.868750 0.310417 0.079167 0.060417
0 0.027083 0.253125 0.054167 0.039583
0 0.019444 0.367188 0.036111 0.053125
0 0.164583 0.245312 0.101389 0.036458
0 0.277778 0.246354 0.086111 0.040625
0 0.377083 0.250000 0.065278 0.016667
0 0.551389 0.415625 0.163889 0.039583
0 0.539583 0.374479 0.120833 0.036458
0 0.019444 0.285417 0.038889 0.025000
0 0.602083 0.347396 0.048611 0.021875
0 0.571528 0.321354 0.037500 0.028125
0 0.607639 0.322917 0.031944 0.029167
0 0.602778 0.284375 0.041667 0.010417
0 0.477778 0.304688 0.030556 0.013542
0 0.531944 0.290625 0.033333 0.025000
0 0.494444 0.290625 0.041667 0.022917
0 0.503472 0.335417 0.081944 0.037500
